Opened node_ for writing ....
PLUME_MODEL=[2]Beta Distribution with ALPHA and BETA parameteres
EXIT[get_points]:Read 656898 points.
ENTER[get_wind].
[0] 1713.000000 6.910400 59.028400
[1] 2009.280000 7.030259 54.621412
[2] 2305.560000 6.800000 47.151138
[3] 2601.840000 6.975758 37.882246
[4] 2898.120000 7.356301 28.966664
[5] 3194.400000 7.722552 23.469862
[6] 3490.680000 8.080131 20.047317
[7] 3786.960000 7.911766 17.394777
[8] 4083.240000 7.478185 15.130524
[9] 4379.520000 6.876921 12.877879
[10] 4675.800000 6.158667 10.633333
[11] 4972.080000 5.335472 9.367075
[12] 5268.360000 4.326860 9.829356
[13] 5564.640000 3.318247 10.291637
[14] 5860.920000 2.771055 135.924545
[15] 6157.200000 2.232364 263.863636
[16] 6453.480000 2.156681 333.978281
[17] 6749.760000 2.826838 310.946038
[18] 7046.040000 3.496995 287.913795
[19] 7342.320000 4.338173 276.579897
[20] 7638.600000 5.320492 274.900449
[21] 7934.880000 6.302811 273.221001
[22] 8231.160000 7.122316 273.456084
[23] 8527.440000 7.689359 276.659878
[24] 8823.720000 8.256402 279.863671
[25] 9120.000000 8.823445 283.067464
[26] 9416.280000 10.074617 284.589190
[27] 9712.560000 11.432567 285.848380
[28] 10008.840000 12.790517 287.107570
[29] 10305.120000 14.148467 288.366760
[30] 10601.400000 15.588985 286.690418
[31] 10897.680000 17.048275 284.346710
[32] 11193.960000 18.453330 281.638243
[33] 11490.240000 19.814616 278.635405
[34] 11786.520000 21.164864 275.694596
[35] 12082.800000 22.328172 273.804221
[36] 12379.080000 23.491480 271.913845
[37] 12675.360000 24.604474 270.256239
[38] 12971.640000 25.602809 269.129087
[39] 13267.920000 26.601143 268.001935
[40] 13564.200000 27.800305 266.558743
[41] 13860.480000 29.803722 263.849897
[42] 14156.760000 31.807139 261.141051
[43] 14453.040000 33.810556 258.432206
[44] 14749.320000 33.980764 256.398591
[45] 15045.600000 33.189085 254.719271
[46] 15341.880000 32.397406 253.039951
[47] 15638.160000 31.605726 251.360632
[48] 15934.440000 29.253536 251.712678
[49] 16230.720000 25.260886 254.200163
[50] 16527.000000 21.268235 256.687647
[51] 16823.280000 17.275585 259.175132
[52] 17119.560000 13.282935 261.662616
[53] 17415.840000 9.290284 264.150101
[54] 17712.120000 6.006298 266.366910
[55] 18008.400000 6.042103 267.315722
[56] 18304.680000 6.077907 268.264534
[57] 18600.960000 6.113711 269.213346
[58] 18897.240000 6.149515 270.162158
[59] 19193.520000 6.185320 271.110970
[60] 19489.800000 6.177348 270.344734
[61] 19786.080000 6.138953 268.386599
[62] 20082.360000 6.100558 266.428463
[63] 20378.640000 6.062163 264.470327
[64] 20674.920000 6.023768 262.512192
[65] 20971.200000 5.985374 260.554056
[66] 21267.480000 5.946979 258.595921
[67] 21563.760000 5.908584 256.637785
[68] 21860.040000 6.145740 258.739314
[69] 22156.320000 6.462241 262.009823
[70] 22452.600000 6.778742 265.280332
[71] 22748.880000 7.095243 268.550842
[72] 23045.160000 7.411744 271.821351
[73] 23341.440000 7.929691 274.739770
[74] 23637.720000 10.503552 274.064846
[75] 23934.000000 13.077413 273.389923
	Read 1 wind days with 76 wind levels per day.
EXIT[get_wind].
Finished.
