Opened node_ for writing ....
PLUME_MODEL=[2]Beta Distribution with ALPHA and BETA parameteres
EXIT[get_points]:Read 656898 points.
ENTER[get_wind].
[0] 1713.000000 6.910400 59.028400
[1] 1996.106667 7.045757 54.905542
[2] 2279.213333 6.800000 48.002338
[3] 2562.320000 6.924998 39.071472
[4] 2845.426667 7.288621 30.552298
[5] 3128.533333 7.643057 24.230736
[6] 3411.640000 7.984738 20.960366
[7] 3694.746667 8.046712 18.099497
[8] 3977.853333 7.632410 15.935918
[9] 4260.960000 7.164339 13.776061
[10] 4544.066667 6.478020 11.631313
[11] 4827.173333 5.791701 9.486566
[12] 5110.280000 4.865004 9.582706
[13] 5393.386667 3.901237 10.024433
[14] 5676.493333 3.106376 56.285758
[15] 5959.600000 2.591636 178.536364
[16] 6242.706667 2.076897 300.786970
[17] 6525.813333 2.320292 328.355225
[18] 6808.920000 2.960652 306.347052
[19] 7092.026667 3.601013 284.338879
[20] 7375.133333 4.446966 276.393897
[21] 7658.240000 5.385609 274.789121
[22] 7941.346667 6.324251 273.184345
[23] 8224.453333 7.109480 273.383562
[24] 8507.560000 7.651311 276.444907
[25] 8790.666667 8.193142 279.506252
[26] 9073.773333 8.734973 282.567597
[27] 9356.880000 9.802367 284.336740
[28] 9639.986667 11.099939 285.539943
[29] 9923.093333 12.397511 286.743147
[30] 10206.200000 13.695083 287.946350
[31] 10489.306667 15.036884 287.577126
[32] 10772.413333 16.431290 285.337626
[33] 11055.520000 17.817254 283.041351
[34] 11338.626667 19.118014 280.172027
[35] 11621.733333 20.418775 277.302703
[36] 11904.840000 21.629433 274.939671
[37] 12187.946667 22.741018 273.133346
[38] 12471.053333 23.852602 271.327022
[39] 12754.160000 24.869996 269.956457
[40] 13037.266667 25.823942 268.879420
[41] 13320.373333 26.777888 267.802384
[42] 13603.480000 28.065912 266.199611
[43] 13886.586667 29.980253 263.611208
[44] 14169.693333 31.894593 261.022804
[45] 14452.800000 33.808933 258.434400
[46] 14735.906667 34.016606 256.474618
[47] 15019.013333 33.260126 254.869965
[48] 15302.120000 32.503647 253.265312
[49] 15585.226667 31.747168 251.660659
[50] 15868.333333 30.144385 251.157665
[51] 16151.440000 26.329258 253.534550
[52] 16434.546667 22.514130 255.911435
[53] 16717.653333 18.699003 258.288319
[54] 17000.760000 14.883876 260.665204
[55] 17283.866667 11.068749 263.042089
[56] 17566.973333 7.253621 265.418974
[57] 17850.080000 6.022970 266.808715
[58] 18133.186667 6.057183 267.715341
[59] 18416.293333 6.091395 268.621967
[60] 18699.400000 6.125607 269.528592
[61] 18982.506667 6.159820 270.435218
[62] 19265.613333 6.194032 271.341843
[63] 19548.720000 6.169712 269.955328
[64] 19831.826667 6.133025 268.084256
[65] 20114.933333 6.096337 266.213184
[66] 20398.040000 6.059649 264.342111
[67] 20681.146667 6.022962 262.471039
[68] 20964.253333 5.986274 260.599967
[69] 21247.360000 5.949586 258.728895
[70] 21530.466667 5.912898 256.857823
[71] 21813.573333 6.096102 258.226388
[72] 22096.680000 6.398531 261.351482
[73] 22379.786667 6.700959 264.476577
[74] 22662.893333 7.003388 267.601671
[75] 22946.000000 7.305816 270.726766
	Read 1 wind days with 76 wind levels per day.
EXIT[get_wind].
Finished.
