Opened node_ for writing ....
PLUME_MODEL=[2]Beta Distribution with ALPHA and BETA parameteres
EXIT[get_points]:Read 656898 points.
ENTER[get_wind].
[0] 1713.000000 6.910400 59.028400
[1] 1956.786667 7.092016 55.753621
[2] 2200.573333 6.805208 50.495477
[3] 2444.360000 6.800000 42.666831
[4] 2688.146667 7.086610 35.285128
[5] 2931.933333 7.399731 27.949162
[6] 3175.720000 7.700007 23.685648
[7] 3419.506667 7.994232 20.869492
[8] 3663.293333 8.092741 18.339872
[9] 3907.080000 7.735980 16.476787
[10] 4150.866667 7.379220 14.613702
[11] 4394.653333 6.840234 12.763232
[12] 4638.440000 6.249236 10.916364
[13] 4882.226667 5.641356 9.226878
[14] 5126.013333 4.811444 9.607255
[15] 5369.800000 3.981532 9.987631
[16] 5613.586667 3.220752 29.121515
[17] 5857.373333 2.777503 134.393030
[18] 6101.160000 2.334255 239.664545
[19] 6344.946667 1.911189 342.415456
[20] 6588.733333 2.462611 323.463944
[21] 6832.520000 3.014033 304.512433
[22] 7076.306667 3.565456 285.560922
[23] 7320.093333 4.264481 276.705888
[24] 7563.880000 5.072757 275.323996
[25] 7807.666667 5.881034 273.942103
[26] 8051.453333 6.689311 272.560211
[27] 8295.240000 7.244957 274.149007
[28] 8539.026667 7.711534 276.785169
[29] 8782.813333 8.178112 279.421331
[30] 9026.600000 8.644689 282.057493
[31] 9270.386667 9.405939 283.969143
[32] 9514.173333 10.523294 285.005237
[33] 9757.960000 11.640650 286.041330
[34] 10001.746667 12.758006 287.077423
[35] 10245.533333 13.875361 288.113517
[36] 10489.320000 15.036949 287.577021
[37] 10733.106667 16.237690 285.648559
[38] 10976.893333 17.438430 283.720098
[39] 11220.680000 18.576097 281.367432
[40] 11464.466667 19.696198 278.896622
[41] 11708.253333 20.816299 276.425811
[42] 11952.040000 21.814758 274.638518
[43] 12195.826667 22.771957 273.083069
[44] 12439.613333 23.729157 271.527620
[45] 12683.400000 24.631565 270.225652
[46] 12927.186667 25.453020 269.298203
[47] 13170.973333 26.274475 268.370754
[48] 13414.760000 27.095930 267.443304
[49] 13658.546667 28.438268 265.696145
[50] 13902.333333 30.086730 263.467238
[51] 14146.120000 31.735192 261.238331
[52] 14389.906667 33.383655 259.009425
[53] 14633.693333 34.289726 257.053965
[54] 14877.480000 33.638313 255.672178
[55] 15121.266667 32.986899 254.290391
[56] 15365.053333 32.335485 252.908605
[57] 15608.840000 31.684071 251.526818
[58] 15852.626667 30.356047 251.025796
[59] 16096.413333 27.070794 253.072561
[60] 16340.200000 23.785540 255.119326
[61] 16583.986667 20.500287 257.166091
[62] 16827.773333 17.215033 259.212856
[63] 17071.560000 13.929780 261.259621
[64] 17315.346667 10.644526 263.306386
[65] 17559.133333 7.359273 265.353152
[66] 17802.920000 6.017271 266.657689
[67] 18046.706667 6.046732 267.438396
[68] 18290.493333 6.076193 268.219103
[69] 18534.280000 6.105653 268.999809
[70] 18778.066667 6.135114 269.780516
[71] 19021.853333 6.164574 270.561222
[72] 19265.640000 6.194035 271.341929
[73] 19509.426667 6.174804 270.215020
[74] 19753.213333 6.143212 268.603817
[75] 19997.000000 6.111620 266.992613
	Read 1 wind days with 76 wind levels per day.
EXIT[get_wind].
Finished.
