Opened node_ for writing ....
PLUME_MODEL=[2]Beta Distribution with ALPHA and BETA parameteres
EXIT[get_points]:Read 656898 points.
ENTER[get_wind].
[0] 1713.000000 6.910400 59.028400
[1] 2008.613333 7.031043 54.635791
[2] 2304.226667 6.800000 47.194215
[3] 2599.840000 6.973189 37.942429
[4] 2895.453333 7.352876 29.046909
[5] 3191.066667 7.718529 23.508368
[6] 3486.680000 8.075303 20.093524
[7] 3782.293333 7.918595 17.430441
[8] 4077.906667 7.485990 15.171282
[9] 4373.520000 6.891467 12.923333
[10] 4669.133333 6.174828 10.683838
[11] 4964.746667 5.360437 9.355633
[12] 5260.360000 4.354094 9.816874
[13] 5555.973333 3.347750 10.278114
[14] 5851.586667 2.788024 131.894242
[15] 6147.200000 2.250545 259.545455
[16] 6442.813333 2.132554 334.807487
[17] 6738.426667 2.801203 311.827070
[18] 7034.040000 3.469852 288.846652
[19] 7329.653333 4.296177 276.651698
[20] 7625.266667 5.276285 274.976029
[21] 7920.880000 6.256394 273.300359
[22] 8216.493333 7.094246 273.297488
[23] 8512.106667 7.660013 276.494072
[24] 8807.720000 8.225780 279.690656
[25] 9103.333333 8.791547 282.887241
[26] 9398.946667 9.995172 284.515523
[27] 9694.560000 11.350067 285.771880
[28] 9990.173333 12.704961 287.028237
[29] 10285.786667 14.059856 288.284593
[30] 10581.400000 15.490478 286.848627
[31] 10877.013333 16.946484 284.510193
[32] 11172.626667 18.355312 281.854459
[33] 11468.240000 19.713535 278.858378
[34] 11763.853333 21.071759 275.862297
[35] 12059.466667 22.236556 273.953096
[36] 12355.080000 23.397247 272.066974
[37] 12650.693333 24.521358 270.350080
[38] 12946.306667 25.517446 269.225464
[39] 13241.920000 26.513535 268.100848
[40] 13537.533333 27.619987 266.802552
[41] 13833.146667 29.618897 264.099802
[42] 14128.760000 31.617806 261.397051
[43] 14424.373333 33.616715 258.694301
[44] 14719.986667 34.059145 256.564853
[45] 15015.600000 33.269247 254.889312
[46] 15311.213333 32.479349 253.213771
[47] 15606.826667 31.689451 251.538229
[48] 15902.440000 29.684766 251.444015
[49] 16198.053333 25.701099 253.925902
[50] 16493.666667 21.717433 256.407790
[51] 16789.280000 17.733767 258.889677
[52] 17084.893333 13.750101 261.371564
[53] 17380.506667 9.766434 263.853452
[54] 17676.120000 6.001948 266.251623
[55] 17971.733333 6.037672 267.198300
[56] 18267.346667 6.073395 268.144977
[57] 18562.960000 6.109119 269.091654
[58] 18858.573333 6.144843 270.038332
[59] 19154.186667 6.180566 270.985009
[60] 19449.800000 6.182531 270.609097
[61] 19745.413333 6.144223 268.655368
[62] 20041.026667 6.105914 266.701638
[63] 20336.640000 6.067606 264.747908
[64] 20632.253333 6.029298 262.794179
[65] 20927.866667 5.990989 260.840449
[66] 21223.480000 5.952681 258.886720
[67] 21519.093333 5.914372 256.932990
[68] 21814.706667 6.097313 258.238899
[69] 22110.320000 6.413101 261.502049
[70] 22405.933333 6.728890 264.765199
[71] 22701.546667 7.044679 268.028349
[72] 22997.160000 7.360468 271.291499
[73] 23292.773333 7.676256 274.554649
[74] 23588.386667 10.074981 274.177227
[75] 23884.000000 12.643050 273.503822
	Read 1 wind days with 76 wind levels per day.
EXIT[get_wind].
Finished.
