Opened node_ for writing ....
PLUME_MODEL=[2]Beta Distribution with ALPHA and BETA parameteres
EXIT[get_points]:Read 656898 points.
ENTER[get_wind].
[0] 1713.000000 6.910400 59.028400
[1] 1897.466667 7.057973 56.593440
[2] 2081.933333 6.944784 53.054379
[3] 2266.400000 6.800000 48.416308
[4] 2450.866667 6.800000 42.456615
[5] 2635.333333 7.018777 36.874373
[6] 2819.800000 7.255706 31.323450
[7] 3004.266667 7.492636 25.772526
[8] 3188.733333 7.715713 23.535322
[9] 3373.200000 7.938345 21.404414
[10] 3557.666667 8.160977 19.273506
[11] 3742.133333 7.977366 17.737355
[12] 3926.600000 7.707415 16.327610
[13] 4111.066667 7.437463 14.917864
[14] 4295.533333 7.080525 13.514141
[15] 4480.000000 6.633333 12.116667
[16] 4664.466667 6.186141 10.719192
[17] 4848.933333 5.738949 9.321717
[18] 5033.400000 5.126723 9.462752
[19] 5217.866667 4.498752 9.750572
[20] 5402.333333 3.870780 10.038392
[21] 5586.800000 3.269455 17.554545
[22] 5771.266667 2.934061 97.210606
[23] 5955.733333 2.598667 176.866667
[24] 6140.200000 2.263273 256.522727
[25] 6324.666667 1.927879 336.178788
[26] 6509.133333 2.282563 329.651897
[27] 6693.600000 2.699810 315.311810
[28] 6878.066667 3.117056 300.971722
[29] 7062.533333 3.534302 286.631635
[30] 7247.000000 4.022139 277.120214
[31] 7431.466667 4.633740 276.074574
[32] 7615.933333 5.245340 275.028934
[33] 7800.400000 5.856941 273.983294
[34] 7984.866667 6.468542 272.937654
[35] 8169.333333 7.003987 272.787528
[36] 8353.800000 7.357033 274.782239
[37] 8538.266667 7.710080 276.776951
[38] 8722.733333 8.063126 278.771662
[39] 8907.200000 8.416172 280.766373
[40] 9091.666667 8.769219 282.761085
[41] 9276.133333 9.432278 283.993567
[42] 9460.600000 10.277750 284.777550
[43] 9645.066667 11.123222 285.561533
[44] 9829.533333 11.968694 286.345517
[45] 10014.000000 12.814167 287.129500
[46] 10198.466667 13.659639 287.913483
[47] 10382.933333 14.512955 288.418587
[48] 10567.400000 15.421522 286.959373
[49] 10751.866667 16.330090 285.500159
[50] 10936.333333 17.238657 284.040945
[51] 11120.800000 18.117189 282.379730
[52] 11305.266667 18.964739 280.510135
[53] 11489.733333 19.812288 278.640541
[54] 11674.200000 20.659838 276.770946
[55] 11858.666667 21.448139 275.234274
[56] 12043.133333 22.172425 274.057309
[57] 12227.600000 22.896712 272.880344
[58] 12412.066667 23.620998 271.703378
[59] 12596.533333 24.338862 270.556123
[60] 12781.000000 24.960435 269.854348
[61] 12965.466667 25.582007 269.152572
[62] 13149.933333 26.203580 268.450797
[63] 13334.400000 26.825152 267.749022
[64] 13518.866667 27.493765 266.973219
[65] 13703.333333 28.741111 265.286667
[66] 13887.800000 29.988457 263.600114
[67] 14072.266667 31.235803 261.913562
[68] 14256.733333 32.483149 260.227010
[69] 14441.200000 33.730495 258.540457
[70] 14625.666667 34.311174 257.099460
[71] 14810.133333 33.818267 256.053900
[72] 14994.600000 33.325360 255.008340
[73] 15179.066667 32.832453 253.962780
[74] 15363.533333 32.339547 252.917220
[75] 15548.000000 31.846640 251.871660
	Read 1 wind days with 76 wind levels per day.
EXIT[get_wind].
Finished.
