Opened node_ for writing ....
PLUME_MODEL=[2]Beta Distribution with ALPHA and BETA parameteres
EXIT[get_points]:Read 656898 points.
ENTER[get_wind].
[0] 1713.000000 6.910400 59.028400
[1] 1969.533333 7.077020 55.478693
[2] 2226.066667 6.800000 49.719385
[3] 2482.600000 6.822606 41.470385
[4] 2739.133333 7.152098 33.750850
[5] 2995.666667 7.481590 26.031315
[6] 3252.200000 7.792310 22.802172
[7] 3508.733333 8.101920 19.838770
[8] 3765.266667 7.943512 17.560564
[9] 4021.800000 7.568098 15.600065
[10] 4278.333333 7.122222 13.644444
[11] 4534.866667 6.500323 11.701010
[12] 4791.400000 5.878424 9.757576
[13] 5047.933333 5.077248 9.485428
[14] 5304.466667 4.203943 9.885693
[15] 5561.000000 3.330638 10.285957
[16] 5817.533333 2.849939 117.189394
[17] 6074.066667 2.383515 227.965152
[18] 6330.600000 1.917091 338.740909
[19] 6587.133333 2.458992 323.588325
[20] 6843.666667 3.039246 303.645913
[21] 7100.200000 3.619500 283.703500
[22] 7356.733333 4.385961 276.498196
[23] 7613.266667 5.236499 275.044050
[24] 7869.800000 6.087037 273.589904
[25] 8126.333333 6.921691 272.322552
[26] 8382.866667 7.412663 275.096549
[27] 8639.400000 7.903636 277.870545
[28] 8895.933333 8.394609 280.644542
[29] 9152.466667 8.885582 283.418539
[30] 9409.000000 10.041250 284.558250
[31] 9665.533333 11.217028 285.648517
[32] 9922.066667 12.392806 286.738783
[33] 10178.600000 13.568583 287.829050
[34] 10435.133333 14.770060 288.005662
[35] 10691.666667 16.033582 285.976368
[36] 10948.200000 17.297104 283.947075
[37] 11204.733333 18.502829 281.529054
[38] 11461.266667 19.681495 278.929054
[39] 11717.800000 20.860162 276.329054
[40] 11974.333333 21.902290 274.496278
[41] 12230.866667 22.909538 272.859501
[42] 12487.400000 23.916785 271.222724
[43] 12743.933333 24.835536 269.995362
[44] 13000.466667 25.699942 269.019420
[45] 13257.000000 26.564348 268.043478
[46] 13513.533333 27.457702 267.021981
[47] 13770.066667 29.192356 264.676533
[48] 14026.600000 30.927010 262.331086
[49] 14283.133333 32.661663 259.985638
[50] 14539.666667 34.396317 257.640190
[51] 14796.200000 33.855498 256.132874
[52] 15052.733333 33.170024 254.678839
[53] 15309.266667 32.484551 253.224804
[54] 15565.800000 31.799077 251.770769
[55] 15822.333333 30.764278 250.771462
[56] 16078.866667 27.307251 252.925244
[57] 16335.400000 23.850225 255.079027
[58] 16591.933333 20.393198 257.232809
[59] 16848.466667 16.936171 259.386592
[60] 17105.000000 13.479144 261.540374
[61] 17361.533333 10.022118 263.694157
[62] 17618.066667 6.565091 265.847939
[63] 17874.600000 6.025934 266.887239
[64] 18131.133333 6.056935 267.708765
[65] 18387.666667 6.087936 268.530292
[66] 18644.200000 6.118937 269.351819
[67] 18900.733333 6.149938 270.173345
[68] 19157.266667 6.180939 270.994872
[69] 19413.800000 6.187197 270.847024
[70] 19670.333333 6.153952 269.151577
[71] 19926.866667 6.120708 267.456130
[72] 20183.400000 6.087464 265.760683
[73] 20439.933333 6.054220 264.065235
[74] 20696.466667 6.020976 262.369788
[75] 20953.000000 5.987732 260.674341
	Read 1 wind days with 76 wind levels per day.
EXIT[get_wind].
Finished.
