Opened node_ for writing ....
PLUME_MODEL=[2]Beta Distribution with ALPHA and BETA parameteres
EXIT[get_points]:Read 656898 points.
ENTER[get_wind].
[0] 1713.000000 6.910400 59.028400
[1] 1977.280000 7.067906 55.311608
[2] 2241.560000 6.800000 49.218831
[3] 2505.840000 6.852455 40.771053
[4] 2770.120000 7.191897 32.818407
[5] 3034.400000 7.529448 25.318138
[6] 3298.680000 7.848407 22.265248
[7] 3562.960000 8.167366 19.212359
[8] 3827.240000 7.852820 17.086946
[9] 4091.520000 7.466068 15.067246
[10] 4355.800000 6.934424 13.057576
[11] 4620.080000 6.293745 11.055455
[12] 4884.360000 5.634094 9.230207
[13] 5148.640000 4.734417 9.642559
[14] 5412.920000 3.834740 10.054911
[15] 5677.200000 3.105091 56.590909
[16] 5941.480000 2.624582 170.711818
[17] 6205.760000 2.144073 284.832727
[18] 6470.040000 2.194138 332.690938
[19] 6734.320000 2.791914 312.146314
[20] 6998.600000 3.389690 291.601690
[21] 7262.880000 4.074789 277.030199
[22] 7527.160000 4.951012 275.532141
[23] 7791.440000 5.827234 274.034083
[24] 8055.720000 6.703457 272.536026
[25] 8320.000000 7.292344 274.416746
[26] 8584.280000 7.798144 277.274511
[27] 8848.560000 8.303943 280.132276
[28] 9112.840000 8.809742 282.990040
[29] 9377.120000 9.895133 284.422760
[30] 9641.400000 11.106417 285.545950
[31] 9905.680000 12.317700 286.669140
[32] 10169.960000 13.528983 287.792330
[33] 10434.240000 14.765660 288.012728
[34] 10698.520000 16.067337 285.922155
[35] 10962.800000 17.369015 283.831582
[36] 11227.080000 18.605503 281.302568
[37] 11491.360000 19.819762 278.624054
[38] 11755.640000 21.034022 275.945541
[39] 12019.920000 22.081281 274.205418
[40] 12284.200000 23.118945 272.519215
[41] 12548.480000 24.156609 270.833011
[42] 12812.760000 25.067452 269.733522
[43] 13077.040000 25.957961 268.728109
[44] 13341.320000 26.848470 267.722696
[45] 13605.600000 28.080248 266.180229
[46] 13869.880000 29.867284 263.763954
[47] 14134.160000 31.654320 261.347680
[48] 14398.440000 33.441356 258.931406
[49] 14662.720000 34.212165 256.889441
[50] 14927.000000 33.505992 255.391498
[51] 15191.280000 32.799819 253.893555
[52] 15455.560000 32.093645 252.395611
[53] 15719.840000 31.387472 250.897668
[54] 15984.120000 28.584051 252.129778
[55] 16248.400000 25.022631 254.348599
[56] 16512.680000 21.461211 256.567420
[57] 16776.960000 17.899790 258.786242
[58] 17041.240000 14.338370 261.005063
[59] 17305.520000 10.776950 263.223884
[60] 17569.800000 7.215529 265.442706
[61] 17834.080000 6.021037 266.757477
[62] 18098.360000 6.052974 267.603811
[63] 18362.640000 6.084911 268.450146
[64] 18626.920000 6.116848 269.296481
[65] 18891.200000 6.148785 270.142816
[66] 19155.480000 6.180723 270.989150
[67] 19419.760000 6.186424 270.807634
[68] 19684.040000 6.152176 269.060988
[69] 19948.320000 6.117928 267.314343
[70] 20212.600000 6.083680 265.567698
[71] 20476.880000 6.049432 263.821052
[72] 20741.160000 6.015184 262.074407
[73] 21005.440000 5.980937 260.327762
[74] 21269.720000 5.946689 258.581116
[75] 21534.000000 5.912441 256.834471
	Read 1 wind days with 76 wind levels per day.
EXIT[get_wind].
Finished.
