Opened node_ for writing ....
PLUME_MODEL=[2]Beta Distribution with ALPHA and BETA parameteres
EXIT[get_points]:Read 656898 points.
ENTER[get_wind].
[0] 1713.000000 6.910400 59.028400
[1] 1996.533333 7.045255 54.896340
[2] 2280.066667 6.800000 47.974769
[3] 2563.600000 6.926642 39.032954
[4] 2847.133333 7.290813 30.500942
[5] 3130.666667 7.645632 24.206092
[6] 3414.200000 7.987828 20.930793
[7] 3697.733333 8.042341 18.076672
[8] 3981.266667 7.627415 15.909832
[9] 4264.800000 7.155030 13.746970
[10] 4548.333333 6.467677 11.598990
[11] 4831.866667 5.780323 9.451010
[12] 5115.400000 4.847574 9.590695
[13] 5398.933333 3.882355 10.033087
[14] 5682.466667 3.095515 58.865152
[15] 5966.000000 2.580000 181.300000
[16] 6249.533333 2.064485 303.734848
[17] 6533.066667 2.336698 327.791365
[18] 6816.600000 2.978024 305.750024
[19] 7100.133333 3.619349 283.708683
[20] 7383.666667 4.475258 276.345526
[21] 7667.200000 5.415316 274.738332
[22] 7950.733333 6.355373 273.131137
[23] 8234.266667 7.128262 273.489678
[24] 8517.800000 7.670909 276.555636
[25] 8801.333333 8.213557 279.621595
[26] 9084.866667 8.756204 282.687553
[27] 9368.400000 9.855167 284.385700
[28] 9651.933333 11.154694 285.590717
[29] 9935.466667 12.454222 286.795733
[30] 10219.000000 13.753750 288.000750
[31] 10502.533333 15.102030 287.472498
[32] 10786.066667 16.498537 285.229622
[33] 11069.600000 17.881946 282.898649
[34] 11353.133333 19.184667 280.025000
[35] 11636.666667 20.487387 277.151351
[36] 11920.200000 21.689742 274.841669
[37] 12203.733333 22.803002 273.032622
[38] 12487.266667 23.916262 271.223575
[39] 12770.800000 24.926065 269.893152
[40] 13054.333333 25.881449 268.814493
[41] 13337.866667 26.836833 267.735833
[42] 13621.400000 28.187086 266.035771
[43] 13904.933333 30.104311 263.443467
[44] 14188.466667 32.021537 260.851162
[45] 14472.000000 33.938762 258.258857
[46] 14755.533333 33.964162 256.363374
[47] 15039.066667 33.206543 254.756302
[48] 15322.600000 32.448923 253.149231
[49] 15606.133333 31.691304 251.542159
[50] 15889.666667 29.856898 251.336774
[51] 16173.200000 26.036021 253.717241
[52] 16456.733333 22.215144 256.097708
[53] 16740.266667 18.394267 258.478175
[54] 17023.800000 14.573390 260.858642
[55] 17307.333333 10.752513 263.239109
[56] 17590.866667 6.931636 265.619576
[57] 17874.400000 6.025909 266.886598
[58] 18157.933333 6.060173 267.794590
[59] 18441.466667 6.094437 268.702582
[60] 18725.000000 6.128701 269.610574
[61] 19008.533333 6.162965 270.518566
[62] 19292.066667 6.197229 271.426558
[63] 19575.600000 6.166229 269.777676
[64] 19859.133333 6.129486 267.903784
[65] 20142.666667 6.092743 266.029892
[66] 20426.200000 6.056000 264.156000
[67] 20709.733333 6.019257 262.282108
[68] 20993.266667 5.982514 260.408216
[69] 21276.800000 5.945771 258.534324
[70] 21560.333333 5.909028 256.660432
[71] 21843.866667 6.128463 258.560783
[72] 22127.400000 6.431347 261.690588
[73] 22410.933333 6.734231 264.820392
[74] 22694.466667 7.037116 267.950196
[75] 22978.000000 7.340000 271.080000
	Read 1 wind days with 76 wind levels per day.
EXIT[get_wind].
Finished.
