Opened node_ for writing ....
PLUME_MODEL=[2]Beta Distribution with ALPHA and BETA parameteres
EXIT[get_points]:Read 656898 points.
ENTER[get_wind].
[0] 1713.000000 6.910400 59.028400
[1] 1935.733333 7.088587 56.088320
[2] 2158.466667 6.854745 51.403660
[3] 2381.200000 6.800000 44.707385
[4] 2603.933333 6.978446 37.819254
[5] 2826.666667 7.264526 31.116820
[6] 3049.400000 7.547552 25.144862
[7] 3272.133333 7.816368 22.571908
[8] 3494.866667 8.085184 19.998954
[9] 3717.600000 8.013268 17.924846
[10] 3940.333333 7.687317 16.222656
[11] 4163.066667 7.361366 14.520466
[12] 4385.800000 6.861697 12.830303
[13] 4608.533333 6.321737 11.142929
[14] 4831.266667 5.781778 9.455556
[15] 5054.000000 5.056596 9.494894
[16] 5276.733333 4.298355 9.842421
[17] 5499.466667 3.540113 10.189948
[18] 5722.200000 3.023273 76.022727
[19] 5944.933333 2.618303 172.203030
[20] 6167.666667 2.213333 268.383333
[21] 6390.400000 2.014000 338.882000
[22] 6613.133333 2.517802 321.567135
[23] 6835.866667 3.021603 304.252270
[24] 7058.600000 3.525405 286.937405
[25] 7281.333333 4.135971 276.925597
[26] 7504.066667 4.874446 275.663045
[27] 7726.800000 5.612920 274.400492
[28] 7949.533333 6.351394 273.137939
[29] 8172.266667 7.009601 272.819247
[30] 8395.000000 7.435885 275.227751
[31] 8617.733333 7.862169 277.636255
[32] 8840.466667 8.288453 280.044759
[33] 9063.200000 8.714737 282.453263
[34] 9285.933333 9.477194 284.035217
[35] 9508.666667 10.498056 284.981833
[36] 9731.400000 11.518917 285.928450
[37] 9954.133333 12.539778 286.875067
[38] 10176.866667 13.560639 287.821683
[39] 10399.600000 14.595045 288.286746
[40] 10622.333333 15.692090 286.524826
[41] 10845.066667 16.789134 284.762905
[42] 11067.800000 17.873676 282.916892
[43] 11290.533333 18.897045 280.659459
[44] 11513.266667 19.920414 278.402027
[45] 11736.000000 20.943784 276.144595
[46] 11958.733333 21.841039 274.595812
[47] 12181.466667 22.715575 273.174691
[48] 12404.200000 23.590110 271.753571
[49] 12626.933333 24.441297 270.440471
[50] 12849.666667 25.191812 269.593116
[51] 13072.400000 25.942326 268.745761
[52] 13295.133333 26.692841 267.898406
[53] 13517.866667 27.487003 266.982362
[54] 13740.600000 28.993105 264.945943
[55] 13963.333333 30.499206 262.909524
[56] 14186.066667 32.005308 260.873105
[57] 14408.800000 33.511410 258.836686
[58] 14631.533333 34.295498 257.066208
[59] 14854.266667 33.700340 255.803752
[60] 15077.000000 33.105182 254.541296
[61] 15299.733333 32.510024 253.278839
[62] 15522.466667 31.914866 252.016383
[63] 15745.200000 31.319709 250.753927
[64] 15967.933333 28.802182 251.993879
[65] 16190.666667 25.800642 253.863886
[66] 16413.400000 22.799102 255.733893
[67] 16636.133333 19.797561 257.603900
[68] 16858.866667 16.796021 259.473907
[69] 17081.600000 13.794481 261.343914
[70] 17304.333333 10.792941 263.213922
[71] 17527.066667 7.791401 265.083929
[72] 17749.800000 6.010852 266.487577
[73] 17972.533333 6.037768 267.200862
[74] 18195.266667 6.064685 267.914147
[75] 18418.000000 6.091601 268.627432
	Read 1 wind days with 76 wind levels per day.
EXIT[get_wind].
Finished.
