Opened node_ for writing ....
PLUME_MODEL=[2]Beta Distribution with ALPHA and BETA parameteres
EXIT[get_points]:Read 656898 points.
ENTER[get_wind].
[0] 1713.000000 6.910400 59.028400
[1] 1988.266667 7.054980 55.074641
[2] 2263.533333 6.800000 48.508923
[3] 2538.800000 6.894789 39.779229
[4] 2814.066667 7.248343 31.495976
[5] 3089.333333 7.595747 24.683563
[6] 3364.600000 7.927966 21.503759
[7] 3639.866667 8.127024 18.518905
[8] 3915.133333 7.724195 16.415241
[9] 4190.400000 7.321366 14.311577
[10] 4465.666667 6.668081 12.225253
[11] 4740.933333 6.000768 10.139899
[12] 5016.200000 5.185277 9.435915
[13] 5291.466667 4.248199 9.865409
[14] 5566.733333 3.311121 10.294903
[15] 5842.000000 2.805455 127.754545
[16] 6117.266667 2.304970 246.619697
[17] 6392.533333 2.018825 338.716159
[18] 6667.800000 2.641452 317.317452
[19] 6943.066667 3.264079 295.918746
[20] 7218.333333 3.927094 277.282709
[21] 7493.600000 4.839743 275.722374
[22] 7768.866667 5.752392 274.162039
[23] 8044.133333 6.665041 272.601704
[24] 8319.400000 7.291196 274.410258
[25] 8594.666667 7.818022 277.386826
[26] 8869.933333 8.344848 280.363394
[27] 9145.200000 8.871675 283.339962
[28] 9420.466667 10.093806 284.606983
[29] 9695.733333 11.355444 285.776867
[30] 9971.000000 12.617083 286.946750
[31] 10246.266667 13.878722 288.116633
[32] 10521.533333 15.195612 287.322199
[33] 10796.800000 16.551403 285.144716
[34] 11072.066667 17.893279 282.873649
[35] 11347.333333 19.158018 280.083784
[36] 11622.600000 20.422757 277.293919
[37] 11897.866667 21.602053 274.984164
[38] 12173.133333 22.682855 273.227861
[39] 12448.400000 23.763656 271.471558
[40] 12723.666667 24.767246 270.072464
[41] 12998.933333 25.694775 269.025254
[42] 13274.200000 26.622304 267.978043
[43] 13549.466667 27.700679 266.693448
[44] 13824.733333 29.562006 264.176724
[45] 14100.000000 31.423333 261.660000
[46] 14375.266667 33.284660 259.143276
[47] 14650.533333 34.244729 256.958516
[48] 14925.800000 33.509198 255.398300
[49] 15201.066667 32.773668 253.838084
[50] 15476.333333 32.038138 252.277868
[51] 15751.600000 31.302607 250.717652
[52] 16026.866667 28.008000 252.488667
[53] 16302.133333 24.298524 254.799729
[54] 16577.400000 20.589048 257.110791
[55] 16852.666667 16.879572 259.421854
[56] 17127.933333 13.170096 261.732916
[57] 17403.200000 9.460620 264.043979
[58] 17678.466667 6.002232 266.259138
[59] 17953.733333 6.035496 267.140657
[60] 18229.000000 6.068761 268.022175
[61] 18504.266667 6.102026 268.903694
[62] 18779.533333 6.135291 269.785212
[63] 19054.800000 6.168556 270.666731
[64] 19330.066667 6.198048 271.400423
[65] 19605.333333 6.162376 269.581166
[66] 19880.600000 6.126704 267.761909
[67] 20155.866667 6.091032 265.942652
[68] 20431.133333 6.055361 264.123395
[69] 20706.400000 6.019689 262.304138
[70] 20981.666667 5.984017 260.484881
[71] 21256.933333 5.948346 258.665624
[72] 21532.200000 5.912674 256.846367
[73] 21807.466667 6.089579 258.158979
[74] 22082.733333 6.383632 261.197531
[75] 22358.000000 6.677685 264.236083
	Read 1 wind days with 76 wind levels per day.
EXIT[get_wind].
Finished.
