Opened node_ for writing ....
PLUME_MODEL=[2]Beta Distribution with ALPHA and BETA parameteres
EXIT[get_points]:Read 656898 points.
ENTER[get_wind].
[0] 1713.000000 6.910400 59.028400
[1] 1916.666667 7.073333 56.340000
[2] 2120.333333 6.899608 52.226144
[3] 2324.000000 6.800000 46.555385
[4] 2527.666667 6.880489 40.114251
[5] 2731.333333 7.142080 33.985566
[6] 2935.000000 7.403670 27.856881
[7] 3138.666667 7.655287 24.113678
[8] 3342.333333 7.901092 21.760977
[9] 3546.000000 8.146897 19.408276
[10] 3749.666667 7.966341 17.679783
[11] 3953.333333 7.668293 16.123306
[12] 4157.000000 7.370244 14.566829
[13] 4360.666667 6.922626 13.020707
[14] 4564.333333 6.428889 11.477778
[15] 4768.000000 5.935152 9.934848
[16] 4971.666667 5.336879 9.366430
[17] 5175.333333 4.643546 9.684208
[18] 5379.000000 3.950213 10.001986
[19] 5582.666667 3.276970 15.769697
[20] 5786.333333 2.906667 103.716667
[21] 5990.000000 2.536364 191.663636
[22] 6193.666667 2.166061 279.610606
[23] 6397.333333 2.029683 338.343016
[24] 6601.000000 2.490357 322.510357
[25] 6804.666667 2.951032 306.677698
[26] 7008.333333 3.411706 290.845040
[27] 7212.000000 3.906096 277.318610
[28] 7415.666667 4.581355 276.164135
[29] 7619.333333 5.256613 275.009661
[30] 7823.000000 5.931872 273.855187
[31] 8026.666667 6.607130 272.700713
[32] 8230.333333 7.120734 273.447145
[33] 8434.000000 7.510526 275.649474
[34] 8637.666667 7.900319 277.851802
[35] 8841.333333 8.290112 280.054131
[36] 9045.000000 8.679904 282.256459
[37] 9248.666667 9.306389 283.876833
[38] 9452.333333 10.239861 284.742417
[39] 9656.000000 11.173333 285.608000
[40] 9859.666667 12.106806 286.473583
[41] 10063.333333 13.040278 287.339167
[42] 10267.000000 13.973750 288.204750
[43] 10470.666667 14.945075 287.724577
[44] 10674.333333 15.948209 286.113483
[45] 10878.000000 16.951343 284.502388
[46] 11081.666667 17.937387 282.776351
[47] 11285.333333 18.873153 280.712162
[48] 11489.000000 19.808919 278.647973
[49] 11692.666667 20.744685 276.583784
[50] 11896.333333 21.596033 274.993947
[51] 12100.000000 22.395706 273.694479
[52] 12303.666667 23.195378 272.395010
[53] 12507.333333 23.995051 271.095542
[54] 12711.000000 24.724565 270.120652
[55] 12914.666667 25.410833 269.345833
[56] 13118.333333 26.097101 268.571014
[57] 13322.000000 26.783370 267.796196
[58] 13525.666667 27.539746 266.911048
[59] 13729.333333 28.916921 265.048952
[60] 13933.000000 30.294095 263.186857
[61] 14136.666667 31.671270 261.324762
[62] 14340.333333 33.048444 259.462667
[63] 14544.000000 34.425619 257.600571
[64] 14747.666667 33.985182 256.407962
[65] 14951.333333 33.440972 255.253576
[66] 15155.000000 32.896761 254.099190
[67] 15358.666667 32.352551 252.944804
[68] 15562.333333 31.808340 251.790418
[69] 15766.000000 31.264130 250.636032
[70] 15969.666667 28.778824 252.008431
[71] 16173.333333 26.034225 253.718360
[72] 16377.000000 23.289626 255.428289
[73] 16580.666667 20.545027 257.138217
[74] 16784.333333 17.800428 258.848146
[75] 16988.000000 15.055829 260.558075
	Read 1 wind days with 76 wind levels per day.
EXIT[get_wind].
Finished.
