Opened node_ for writing ....
PLUME_MODEL=[2]Beta Distribution with ALPHA and BETA parameteres
EXIT[get_points]:Read 656898 points.
ENTER[get_wind].
[0] 1713.000000 6.910400 59.028400
[1] 1918.240000 7.074592 56.319232
[2] 2123.480000 6.895906 52.158275
[3] 2328.720000 6.800000 46.402892
[4] 2533.960000 6.888572 39.924873
[5] 2739.200000 7.152183 33.748844
[6] 2944.440000 7.415794 27.572815
[7] 3149.680000 7.668579 23.986455
[8] 3354.920000 7.916283 21.615579
[9] 3560.160000 8.163986 19.244703
[10] 3765.400000 7.943317 17.559545
[11] 3970.640000 7.642966 15.991044
[12] 4175.880000 7.342615 14.422543
[13] 4381.120000 6.873042 12.865758
[14] 4586.360000 6.375491 11.310909
[15] 4791.600000 5.877939 9.756061
[16] 4996.840000 5.251183 9.405708
[17] 5202.080000 4.552494 9.725940
[18] 5407.320000 3.853804 10.046173
[19] 5612.560000 3.222618 28.678182
[20] 5817.800000 2.849455 117.304545
[21] 6023.040000 2.476291 205.930909
[22] 6228.280000 2.103127 294.557273
[23] 6433.520000 2.111533 335.529933
[24] 6638.760000 2.575767 319.574967
[25] 6844.000000 3.040000 303.620000
[26] 7049.240000 3.504233 287.665033
[27] 7254.480000 4.046939 277.077814
[28] 7459.720000 4.727414 275.914421
[29] 7664.960000 5.407889 274.751029
[30] 7870.200000 6.088364 273.587636
[31] 8075.440000 6.768839 272.424244
[32] 8280.680000 7.217091 273.991564
[33] 8485.920000 7.609895 276.210905
[34] 8691.160000 8.002699 278.430247
[35] 8896.400000 8.395502 280.649589
[36] 9101.640000 8.788306 282.868930
[37] 9306.880000 9.573200 284.124240
[38] 9512.120000 10.513883 284.996510
[39] 9717.360000 11.454567 285.868780
[40] 9922.600000 12.395250 286.741050
[41] 10127.840000 13.335933 287.613320
[42] 10333.080000 14.276617 288.485590
[43] 10538.320000 15.278293 287.189409
[44] 10743.560000 16.289176 285.565869
[45] 10948.800000 17.300060 283.942328
[46] 11154.040000 18.269914 282.042838
[47] 11359.280000 19.212908 279.962703
[48] 11564.520000 20.155903 277.882568
[49] 11769.760000 21.098897 275.802432
[50] 11975.000000 21.904908 274.492025
[51] 12180.240000 22.710758 273.182518
[52] 12385.480000 23.516609 271.873011
[53] 12590.720000 24.319274 270.578239
[54] 12795.960000 25.010843 269.797435
[55] 13001.200000 25.702413 269.016630
[56] 13206.440000 26.393983 268.235826
[57] 13411.680000 27.085552 267.455022
[58] 13616.920000 28.156792 266.076731
[59] 13822.160000 29.544606 264.200251
[60] 14027.400000 30.932419 262.323771
[61] 14232.640000 32.320232 260.447291
[62] 14437.880000 33.708046 258.570811
[63] 14643.120000 34.264538 257.000534
[64] 14848.360000 33.716123 255.837231
[65] 15053.600000 33.167709 254.673927
[66] 15258.840000 32.619294 253.510623
[67] 15464.080000 32.070879 252.347320
[68] 15669.320000 31.522465 251.184016
[69] 15874.560000 30.060475 251.209942
[70] 16079.800000 27.294674 252.933080
[71] 16285.040000 24.528873 254.656218
[72] 16490.280000 21.763072 256.379356
[73] 16695.520000 18.997271 258.102494
[74] 16900.760000 16.231470 259.825632
[75] 17106.000000 13.465668 261.548770
	Read 1 wind days with 76 wind levels per day.
EXIT[get_wind].
Finished.
