Opened node_ for writing ....
PLUME_MODEL=[2]Beta Distribution with ALPHA and BETA parameteres
EXIT[get_points]:Read 656898 points.
ENTER[get_wind].
[0] 1713.000000 6.910400 59.028400
[1] 1909.786667 7.067829 56.430816
[2] 2106.573333 6.915796 52.522928
[3] 2303.360000 6.800000 47.222215
[4] 2500.146667 6.845143 40.942376
[5] 2696.933333 7.097896 35.020722
[6] 2893.720000 7.350650 29.099068
[7] 3090.506667 7.597163 24.670009
[8] 3287.293333 7.834664 22.396784
[9] 3484.080000 8.072166 20.123559
[10] 3680.866667 8.067024 18.205572
[11] 3877.653333 7.779044 16.701674
[12] 4074.440000 7.491063 15.197776
[13] 4271.226667 7.139451 13.698283
[14] 4468.013333 6.662392 12.207475
[15] 4664.800000 6.185333 10.716667
[16] 4861.586667 5.708275 9.225859
[17] 5058.373333 5.041708 9.501717
[18] 5255.160000 4.371796 9.808760
[19] 5451.946667 3.701884 10.115803
[20] 5648.733333 3.156848 44.298485
[21] 5845.520000 2.799055 129.274545
[22] 6042.306667 2.441261 214.250606
[23] 6239.093333 2.083467 299.226667
[24] 6435.880000 2.116871 335.346471
[25] 6632.666667 2.561984 320.048651
[26] 6829.453333 3.007097 304.750830
[27] 7026.240000 3.452210 289.453010
[28] 7223.026667 3.942655 277.256106
[29] 7419.813333 4.595103 276.140630
[30] 7616.600000 5.247551 275.025155
[31] 7813.386667 5.899999 273.909680
[32] 8010.173333 6.552446 272.794205
[33] 8206.960000 7.076000 273.194400
[34] 8403.746667 7.452625 275.322332
[35] 8600.533333 7.829250 277.450265
[36] 8797.320000 8.205876 279.578197
[37] 8994.106667 8.582501 281.706130
[38] 9190.893333 9.041594 283.631297
[39] 9387.680000 9.943533 284.467640
[40] 9584.466667 10.845472 285.303983
[41] 9781.253333 11.747411 286.140327
[42] 9978.040000 12.649350 286.976670
[43] 10174.826667 13.551289 287.813013
[44] 10371.613333 14.457200 288.508133
[45] 10568.400000 15.426448 286.951463
[46] 10765.186667 16.395696 285.394792
[47] 10961.973333 17.364943 283.838121
[48] 11158.760000 18.291600 281.995000
[49] 11355.546667 19.195755 280.000541
[50] 11552.333333 20.099910 278.006081
[51] 11749.120000 21.004065 276.011622
[52] 11945.906667 21.790676 274.677651
[53] 12142.693333 22.563336 273.422079
[54] 12339.480000 23.335995 272.166508
[55] 12536.266667 24.108654 270.910937
[56] 12733.053333 24.798875 270.036754
[57] 12929.840000 25.461961 269.288109
[58] 13126.626667 26.125046 268.539464
[59] 13323.413333 26.788132 267.790819
[60] 13520.200000 27.502781 266.961029
[61] 13716.986667 28.833434 265.161836
[62] 13913.773333 30.164086 263.362644
[63] 14110.560000 31.494739 261.563451
[64] 14307.346667 32.825392 259.764259
[65] 14504.133333 34.156044 257.965067
[66] 14700.920000 34.110092 256.672923
[67] 14897.706667 33.584266 255.557533
[68] 15094.493333 33.058439 254.442143
[69] 15291.280000 32.532612 253.326753
[70] 15488.066667 32.006785 252.211363
[71] 15684.853333 31.480959 251.095973
[72] 15881.640000 29.965065 251.269384
[73] 16078.426667 27.313181 252.921550
[74] 16275.213333 24.661296 254.573716
[75] 16472.000000 22.009412 256.225882
	Read 1 wind days with 76 wind levels per day.
EXIT[get_wind].
Finished.
