Opened node_ for writing ....
PLUME_MODEL=[2]Beta Distribution with ALPHA and BETA parameteres
EXIT[get_points]:Read 656898 points.
ENTER[get_wind].
[0] 1713.000000 6.910400 59.028400
[1] 1970.173333 7.076267 55.464889
[2] 2227.346667 6.800000 49.678031
[3] 2484.520000 6.825072 41.412609
[4] 2741.693333 7.155386 33.673815
[5] 2998.866667 7.485700 25.935021
[6] 3256.040000 7.796945 22.757814
[7] 3513.213333 8.107326 19.787018
[8] 3770.386667 7.936020 17.521435
[9] 4027.560000 7.559668 15.556046
[10] 4284.733333 7.106707 13.595960
[11] 4541.906667 6.483257 11.647677
[12] 4799.080000 5.859806 9.699394
[13] 5056.253333 5.048925 9.498409
[14] 5313.426667 4.173441 9.899673
[15] 5570.600000 3.298909 10.559091
[16] 5827.773333 2.831321 121.611212
[17] 6084.946667 2.363733 232.663333
[18] 6342.120000 1.904795 342.635195
[19] 6599.293333 2.486497 322.643030
[20] 6856.466667 3.068198 302.650865
[21] 7113.640000 3.649900 282.658700
[22] 7370.813333 4.432643 276.418384
[23] 7627.986667 5.285303 274.960610
[24] 7885.160000 6.137964 273.502836
[25] 8142.333333 6.952313 272.495566
[26] 8399.506667 7.444510 275.276484
[27] 8656.680000 7.936708 278.057401
[28] 8913.853333 8.428906 280.838318
[29] 9171.026667 8.950539 283.546863
[30] 9428.200000 10.129250 284.639850
[31] 9685.373333 11.307961 285.732837
[32] 9942.546667 12.486672 286.825823
[33] 10199.720000 13.665383 287.918810
[34] 10456.893333 14.877236 287.833530
[35] 10714.066667 16.143910 285.799174
[36] 10971.240000 17.410585 283.764818
[37] 11228.413333 18.611629 281.289054
[38] 11485.586667 19.793236 278.682568
[39] 11742.760000 20.974843 276.076081
[40] 11999.933333 22.002806 274.332941
[41] 12257.106667 23.012566 272.692080
[42] 12514.280000 24.022326 271.051220
[43] 12771.453333 24.928267 269.890667
[44] 13028.626667 25.794829 268.912290
[45] 13285.800000 26.661391 267.933913
[46] 13542.973333 27.656772 266.752815
[47] 13800.146667 29.395754 264.401516
[48] 14057.320000 31.134735 262.050217
[49] 14314.493333 32.873717 259.698918
[50] 14571.666667 34.455466 257.405533
[51] 14828.840000 33.768282 255.947870
[52] 15086.013333 33.081098 254.490208
[53] 15343.186667 32.393914 253.032545
[54] 15600.360000 31.706730 251.574883
[55] 15857.533333 30.289925 251.066991
[56] 16114.706667 26.824274 253.226147
[57] 16371.880000 23.358622 255.385303
[58] 16629.053333 19.892971 257.544458
[59] 16886.226667 16.427320 259.703614
[60] 17143.400000 12.961668 261.862770
[61] 17400.573333 9.496017 264.021926
[62] 17657.746667 6.030366 266.181082
[63] 17914.920000 6.030806 267.016360
[64] 18172.093333 6.061884 267.839936
[65] 18429.266667 6.092963 268.663513
[66] 18686.440000 6.124041 269.487089
[67] 18943.613333 6.155119 270.310665
[68] 19200.786667 6.186198 271.134241
[69] 19457.960000 6.181474 270.555167
[70] 19715.133333 6.148147 268.855490
[71] 19972.306667 6.114820 267.155813
[72] 20229.480000 6.081493 265.456137
[73] 20486.653333 6.048166 263.756460
[74] 20743.826667 6.014839 262.056783
[75] 21001.000000 5.981512 260.357106
	Read 1 wind days with 76 wind levels per day.
EXIT[get_wind].
Finished.
