Opened node_ for writing ....
PLUME_MODEL=[2]Beta Distribution with ALPHA and BETA parameteres
EXIT[get_points]:Read 656898 points.
ENTER[get_wind].
[0] 1713.000000 6.910400 59.028400
[1] 1930.320000 7.084256 56.159776
[2] 2147.640000 6.867482 51.637176
[3] 2364.960000 6.800000 45.232062
[4] 2582.280000 6.950635 38.470840
[5] 2799.600000 7.229761 31.931303
[6] 3016.920000 7.508352 25.520062
[7] 3234.240000 7.770634 23.009641
[8] 3451.560000 8.032917 20.499221
[9] 3668.880000 8.084566 18.297177
[10] 3886.200000 7.766537 16.636358
[11] 4103.520000 7.448507 14.975538
[12] 4320.840000 7.019176 13.322424
[13] 4538.160000 6.492339 11.676061
[14] 4755.480000 5.965503 10.029697
[15] 4972.800000 5.333021 9.368199
[16] 5190.120000 4.593209 9.707279
[17] 5407.440000 3.853396 10.046360
[18] 5624.760000 3.200436 33.946364
[19] 5842.080000 2.805309 127.789091
[20] 6059.400000 2.410182 221.631818
[21] 6276.720000 2.015055 315.474545
[22] 6494.040000 2.248424 330.825224
[23] 6711.360000 2.739981 313.931181
[24] 6928.680000 3.231538 297.037138
[25] 7146.000000 3.723095 280.143095
[26] 7363.320000 4.407799 276.460860
[27] 7580.640000 5.128325 275.228993
[28] 7797.960000 5.848851 273.997125
[29] 8015.280000 6.569378 272.765258
[30] 8232.600000 7.125072 273.471656
[31] 8449.920000 7.540995 275.821623
[32] 8667.240000 7.956919 278.171590
[33] 8884.560000 8.372842 280.521558
[34] 9101.880000 8.788766 282.871525
[35] 9319.200000 9.629667 284.176600
[36] 9536.520000 10.625717 285.100210
[37] 9753.840000 11.621767 286.023820
[38] 9971.160000 12.617817 286.947430
[39] 10188.480000 13.613867 287.871040
[40] 10405.800000 14.625582 288.237701
[41] 10623.120000 15.695964 286.518603
[42] 10840.440000 16.766346 284.799504
[43] 11057.760000 17.827546 283.018649
[44] 11275.080000 18.826043 280.816081
[45] 11492.400000 19.824541 278.613514
[46] 11709.720000 20.823038 276.410946
[47] 11927.040000 21.716599 274.798027
[48] 12144.360000 22.569880 273.411445
[49] 12361.680000 23.423161 272.024864
[50] 12579.000000 24.276442 270.638282
[51] 12796.320000 25.012057 269.796065
[52] 13013.640000 25.744330 268.969304
[53] 13230.960000 26.476604 268.142543
[54] 13448.280000 27.208878 267.315783
[55] 13665.600000 28.485962 265.631657
[56] 13882.920000 29.955459 263.644731
[57] 14100.240000 31.424956 261.657806
[58] 14317.560000 32.894453 259.670880
[59] 14534.880000 34.363950 257.683954
[60] 14752.200000 33.973069 256.382267
[61] 14969.520000 33.392376 255.150494
[62] 15186.840000 32.811683 253.918721
[63] 15404.160000 32.230989 252.686947
[64] 15621.480000 31.650296 251.455174
[65] 15838.800000 30.542374 250.909711
[66] 16056.120000 27.613784 252.734270
[67] 16273.440000 24.685194 254.558828
[68] 16490.760000 21.756603 256.383386
[69] 16708.080000 18.828013 258.207944
[70] 16925.400000 15.899422 260.032503
[71] 17142.720000 12.970832 261.857061
[72] 17360.040000 10.042242 263.681619
[73] 17577.360000 7.113651 265.506178
[74] 17794.680000 6.016276 266.631302
[75] 18012.000000 6.042538 267.327251
	Read 1 wind days with 76 wind levels per day.
EXIT[get_wind].
Finished.
