Opened node_ for writing ....
PLUME_MODEL=[2]Beta Distribution with ALPHA and BETA parameteres
EXIT[get_points]:Read 656898 points.
ENTER[get_wind].
[0] 1713.000000 6.910400 59.028400
[1] 1903.280000 7.062624 56.516704
[2] 2093.560000 6.931106 52.803608
[3] 2283.840000 6.800000 47.852862
[4] 2474.120000 6.811714 41.725563
[5] 2664.400000 7.056110 35.999706
[6] 2854.680000 7.300506 30.273850
[7] 3044.960000 7.542193 25.196152
[8] 3235.240000 7.771841 22.998090
[9] 3425.520000 8.001490 20.800028
[10] 3615.800000 8.162244 18.702829
[11] 3806.080000 7.883785 17.248657
[12] 3996.360000 7.605327 15.794485
[13] 4186.640000 7.326868 14.340312
[14] 4376.920000 6.883224 12.897576
[15] 4567.200000 6.421939 11.456061
[16] 4757.480000 5.960655 10.014545
[17] 4947.760000 5.418264 9.329129
[18] 5138.040000 4.770502 9.626020
[19] 5328.320000 4.122740 9.922911
[20] 5518.600000 3.474979 10.219801
[21] 5708.880000 3.047491 70.270909
[22] 5899.160000 2.701527 152.437273
[23] 6089.440000 2.355564 234.603636
[24] 6279.720000 2.009600 316.770000
[25] 6470.000000 2.194048 332.694048
[26] 6660.280000 2.624443 317.902043
[27] 6850.560000 3.054838 303.110038
[28] 7040.840000 3.485233 288.318033
[29] 7231.120000 3.969489 277.210229
[30] 7421.400000 4.600364 276.131636
[31] 7611.680000 5.231239 275.053044
[32] 7801.960000 5.862113 273.974451
[33] 7992.240000 6.492988 272.895859
[34] 8182.520000 7.029225 272.930121
[35] 8372.800000 7.393397 274.987694
[36] 8563.080000 7.757569 277.045267
[37] 8753.360000 8.121742 279.102840
[38] 8943.640000 8.485914 281.160413
[39] 9133.920000 8.850086 283.217987
[40] 9324.200000 9.652583 284.197850
[41] 9514.480000 10.524700 285.006540
[42] 9704.760000 11.396817 285.815230
[43] 9895.040000 12.268933 286.623920
[44] 10085.320000 13.141050 287.432610
[45] 10275.600000 14.013167 288.241300
[46] 10465.880000 14.921499 287.762442
[47] 10656.160000 15.858699 286.257242
[48] 10846.440000 16.795899 284.752042
[49] 11036.720000 17.730876 283.231892
[50] 11227.000000 18.605135 281.303378
[51] 11417.280000 19.479395 279.374865
[52] 11607.560000 20.353654 277.446351
[53] 11797.840000 21.209310 275.622371
[54] 11988.120000 21.956422 274.408314
[55] 12178.400000 22.703534 273.194258
[56] 12368.680000 23.450645 271.980201
[57] 12558.960000 24.197757 270.766145
[58] 12749.240000 24.853417 269.975174
[59] 12939.520000 25.494578 269.251283
[60] 13129.800000 26.135739 268.527391
[61] 13320.080000 26.776900 267.803500
[62] 13510.360000 27.436244 267.050994
[63] 13700.640000 28.722899 265.311291
[64] 13890.920000 30.009554 263.571589
[65] 14081.200000 31.296210 261.831886
[66] 14271.480000 32.582865 260.092183
[67] 14461.760000 33.869520 258.352480
[68] 14652.040000 34.240703 256.949976
[69] 14842.320000 33.732262 255.871466
[70] 15032.600000 33.223822 254.792955
[71] 15222.880000 32.715381 253.714445
[72] 15413.160000 32.206941 252.635935
[73] 15603.440000 31.698500 251.557425
[74] 15793.720000 31.149870 250.531232
[75] 15984.000000 28.585668 252.128770
	Read 1 wind days with 76 wind levels per day.
EXIT[get_wind].
Finished.
