Opened node_ for writing ....
PLUME_MODEL=[2]Beta Distribution with ALPHA and BETA parameteres
EXIT[get_points]:Read 656898 points.
ENTER[get_wind].
[0] 1713.000000 6.910400 59.028400
[1] 1960.413333 7.087749 55.675399
[2] 2207.826667 6.800000 50.308677
[3] 2455.240000 6.800000 42.315323
[4] 2702.653333 7.105243 34.848597
[5] 2950.066667 7.423021 27.403498
[6] 3197.480000 7.726269 23.434283
[7] 3444.893333 8.024871 20.576232
[8] 3692.306667 8.050283 18.118144
[9] 3939.720000 7.688215 16.227343
[10] 4187.133333 7.326146 14.336542
[11] 4434.546667 6.743523 12.461010
[12] 4681.960000 6.143733 10.586667
[13] 4929.373333 5.480857 9.300441
[14] 5176.786667 4.638599 9.686476
[15] 5424.200000 3.796340 10.072511
[16] 5671.613333 3.115248 54.178485
[17] 5919.026667 2.665406 161.016061
[18] 6166.440000 2.215564 267.853636
[19] 6413.853333 2.067049 337.058783
[20] 6661.266667 2.626675 317.825341
[21] 6908.680000 3.186300 298.591900
[22] 7156.093333 3.745925 279.358459
[23] 7403.506667 4.541038 276.233064
[24] 7650.920000 5.361339 274.830614
[25] 7898.333333 6.181640 273.428164
[26] 8145.746667 6.958845 272.532476
[27] 8393.160000 7.432364 275.207855
[28] 8640.573333 7.905882 277.883233
[29] 8887.986667 8.379400 280.558612
[30] 9135.400000 8.852919 283.233990
[31] 9382.813333 9.921228 284.446957
[32] 9630.226667 11.055206 285.498463
[33] 9877.640000 12.189183 286.549970
[34] 10125.053333 13.323161 287.601477
[35] 10372.466667 14.461403 288.501383
[36] 10619.880000 15.680006 286.544233
[37] 10867.293333 16.898609 284.587083
[38] 11114.706667 18.089193 282.441486
[39] 11362.120000 19.225957 279.933919
[40] 11609.533333 20.362721 277.426351
[41] 11856.946667 21.441386 275.245248
[42] 12104.360000 22.412825 273.666660
[43] 12351.773333 23.384263 272.088072
[44] 12599.186667 24.347803 270.546029
[45] 12846.600000 25.181478 269.604783
[46] 13094.013333 26.015154 268.663536
[47] 13341.426667 26.848829 267.722290
[48] 13588.840000 27.966918 266.333463
[49] 13836.253333 29.639903 264.071398
[50] 14083.666667 31.312889 261.809333
[51] 14331.080000 32.985874 259.547269
[52] 14578.493333 34.437224 257.366839
[53] 14825.906667 33.776120 255.964497
[54] 15073.320000 33.115015 254.562154
[55] 15320.733333 32.453911 253.159811
[56] 15568.146667 31.792806 251.757468
[57] 15815.560000 30.855555 250.714595
[58] 16062.973333 27.521429 252.791808
[59] 16310.386667 24.187303 254.869022
[60] 16557.800000 20.853176 256.946235
[61] 16805.213333 17.519050 259.023449
[62] 17052.626667 14.184924 261.100662
[63] 17300.040000 10.850798 263.177876
[64] 17547.453333 7.516672 265.255089
[65] 17794.866667 6.016298 266.631899
[66] 18042.280000 6.046197 267.424220
[67] 18289.693333 6.076096 268.216541
[68] 18537.106667 6.105995 269.008861
[69] 18784.520000 6.135894 269.801182
[70] 19031.933333 6.165793 270.593503
[71] 19279.346667 6.195691 271.385823
[72] 19526.760000 6.172558 270.100463
[73] 19774.173333 6.140496 268.465291
[74] 20021.586667 6.108434 266.830118
[75] 20269.000000 6.076371 265.194946
	Read 1 wind days with 76 wind levels per day.
EXIT[get_wind].
Finished.
