Opened node_ for writing ....
PLUME_MODEL=[2]Beta Distribution with ALPHA and BETA parameteres
EXIT[get_points]:Read 656898 points.
ENTER[get_wind].
[0] 1713.000000 6.910400 59.028400
[1] 1973.120000 7.072800 55.401333
[2] 2233.240000 6.800000 49.487631
[3] 2493.360000 6.836426 41.146598
[4] 2753.480000 7.170525 33.319134
[5] 3013.600000 7.504345 25.558414
[6] 3273.720000 7.818283 22.553579
[7] 3533.840000 8.132221 19.548745
[8] 3793.960000 7.901522 17.341281
[9] 4054.080000 7.520859 15.353372
[10] 4314.200000 7.035273 13.372727
[11] 4574.320000 6.404679 11.402121
[12] 4834.440000 5.774085 9.431515
[13] 5094.560000 4.918519 9.558179
[14] 5354.680000 4.033004 9.964040
[15] 5614.800000 3.218545 29.645455
[16] 5874.920000 2.745600 141.970000
[17] 6135.040000 2.272655 254.294545
[18] 6395.160000 2.024767 338.511967
[19] 6655.280000 2.613133 318.290733
[20] 6915.400000 3.201500 298.069500
[21] 7175.520000 3.789867 277.848267
[22] 7435.640000 4.647576 276.050918
[23] 7695.760000 5.510006 274.576441
[24] 7955.880000 6.372436 273.101964
[25] 8216.000000 7.093301 273.292153
[26] 8476.120000 7.591139 276.104934
[27] 8736.240000 8.088976 278.917715
[28] 8996.360000 8.586813 281.730496
[29] 9256.480000 9.342200 283.910040
[30] 9516.600000 10.534417 285.015550
[31] 9776.720000 11.726633 286.121060
[32] 10036.840000 12.918850 287.226570
[33] 10296.960000 14.111067 288.332080
[34] 10557.080000 15.370693 287.041009
[35] 10817.200000 16.651881 284.983343
[36] 11077.320000 17.917416 282.820405
[37] 11337.440000 19.112562 280.184054
[38] 11597.560000 20.307708 277.547703
[39] 11857.680000 21.444265 275.240569
[40] 12117.800000 22.465595 273.580908
[41] 12377.920000 23.486925 271.921247
[42] 12638.040000 24.478722 270.398217
[43] 12898.160000 25.355213 269.408630
[44] 13158.280000 26.231704 268.419043
[45] 13418.400000 27.108196 267.429457
[46] 13678.520000 28.573326 265.513531
[47] 13938.640000 30.332232 263.135291
[48] 14198.760000 32.091139 260.757051
[49] 14458.880000 33.850046 258.378811
[50] 14719.000000 34.061781 256.570445
[51] 14979.120000 33.366724 255.096081
[52] 15239.240000 32.671666 253.621717
[53] 15499.360000 31.976609 252.147352
[54] 15759.480000 31.281551 250.672988
[55] 16019.600000 28.105925 252.427658
[56] 16279.720000 24.600565 254.611553
[57] 16539.840000 21.095204 256.795448
[58] 16799.960000 17.589844 258.979343
[59] 17060.080000 14.084483 261.163239
[60] 17320.200000 10.579123 263.347134
[61] 17580.320000 7.073763 265.531029
[62] 17840.440000 6.021805 266.777844
[63] 18100.560000 6.053240 267.610857
[64] 18360.680000 6.084674 268.443869
[65] 18620.800000 6.116109 269.276882
[66] 18880.920000 6.147543 270.109895
[67] 19141.040000 6.178978 270.942908
[68] 19401.160000 6.188835 270.930562
[69] 19661.280000 6.155126 269.211411
[70] 19921.400000 6.121417 267.492259
[71] 20181.520000 6.087708 265.773108
[72] 20441.640000 6.053999 264.053956
[73] 20701.760000 6.020290 262.334804
[74] 20961.880000 5.986581 260.615653
[75] 21222.000000 5.952873 258.896501
	Read 1 wind days with 76 wind levels per day.
EXIT[get_wind].
Finished.
