Opened node_ for writing ....
PLUME_MODEL=[2]Beta Distribution with ALPHA and BETA parameteres
EXIT[get_points]:Read 656898 points.
ENTER[get_wind].
[0] 1713.000000 6.910400 59.028400
[1] 2001.106667 7.039875 54.797699
[2] 2289.213333 6.800000 47.679262
[3] 2577.320000 6.944264 38.620095
[4] 2865.426667 7.314309 29.950464
[5] 3153.533333 7.673230 23.941943
[6] 3441.640000 8.020945 20.613814
[7] 3729.746667 7.995493 17.832017
[8] 4017.853333 7.573873 15.630227
[9] 4305.960000 7.055248 13.435152
[10] 4594.066667 6.356808 11.252525
[11] 4882.173333 5.641538 9.226795
[12] 5170.280000 4.660749 9.676323
[13] 5458.386667 3.679960 10.125852
[14] 5746.493333 2.979103 86.513030
[15] 6034.600000 2.455273 210.922727
[16] 6322.706667 1.931442 335.332424
[17] 6610.813333 2.512554 321.747487
[18] 6898.920000 3.164224 299.350624
[19] 7187.026667 3.823297 277.460170
[20] 7475.133333 4.778517 275.827052
[21] 7763.240000 5.733737 274.193934
[22] 8051.346667 6.688957 272.560816
[23] 8339.453333 7.329576 274.627103
[24] 8627.560000 7.880976 277.742515
[25] 8915.666667 8.432376 280.857927
[26] 9203.773333 9.100628 283.686037
[27] 9491.880000 10.421117 284.910490
[28] 9779.986667 11.741606 286.134943
[29] 10068.093333 13.062094 287.359397
[30] 10356.200000 14.382583 288.583850
[31] 10644.306667 15.800316 286.351007
[32] 10932.413333 17.219349 284.071954
[33] 11220.520000 18.575362 281.369054
[34] 11508.626667 19.899095 278.449054
[35] 11796.733333 21.204965 275.629431
[36] 12084.840000 22.336182 273.791205
[37] 12372.946667 23.467398 271.952978
[38] 12661.053333 24.556267 270.310667
[39] 12949.160000 25.527061 269.214609
[40] 13237.266667 26.497855 268.118551
[41] 13525.373333 27.537763 266.913730
[42] 13813.480000 29.485912 264.279611
[43] 14101.586667 31.434062 261.645493
[44] 14389.693333 33.382212 259.011375
[45] 14677.800000 34.171870 256.803968
[46] 14965.906667 33.402031 255.170974
[47] 15254.013333 32.632191 253.537981
[48] 15542.120000 31.862351 251.904988
[49] 15830.226667 30.657908 250.837732
[50] 16118.333333 26.775401 253.256595
[51] 16406.440000 22.892894 255.675459
[52] 16694.546667 19.010387 258.094322
[53] 16982.653333 15.127880 260.513186
[54] 17270.760000 11.245373 262.932049
[55] 17558.866667 7.362866 265.350913
[56] 17846.973333 6.022595 266.798767
[57] 18135.080000 6.057411 267.721404
[58] 18423.186667 6.092228 268.644042
[59] 18711.293333 6.127045 269.566680
[60] 18999.400000 6.161861 270.489317
[61] 19287.506667 6.196678 271.411955
[62] 19575.613333 6.166227 269.777588
[63] 19863.720000 6.128892 267.873470
[64] 20151.826667 6.091556 265.969353
[65] 20439.933333 6.054220 264.065235
[66] 20728.040000 6.016885 262.161118
[67] 21016.146667 5.979549 260.257000
[68] 21304.253333 5.942213 258.352883
[69] 21592.360000 5.904878 256.448765
[70] 21880.466667 6.167561 258.964795
[71] 22168.573333 6.475331 262.145082
[72] 22456.680000 6.783100 265.325370
[73] 22744.786667 7.090870 268.505657
[74] 23032.893333 7.398640 271.685944
[75] 23321.000000 7.752124 274.786332
	Read 1 wind days with 76 wind levels per day.
EXIT[get_wind].
Finished.
