Opened node_ for writing ....
PLUME_MODEL=[2]Beta Distribution with ALPHA and BETA parameteres
EXIT[get_points]:Read 656898 points.
ENTER[get_wind].
[0] 1713.000000 6.910400 59.028400
[1] 1957.053333 7.091702 55.747869
[2] 2201.106667 6.804580 50.483974
[3] 2445.160000 6.800000 42.640985
[4] 2689.213333 7.087980 35.253030
[5] 2933.266667 7.401443 27.909040
[6] 3177.320000 7.701938 23.667166
[7] 3421.373333 7.996485 20.847929
[8] 3665.426667 8.089620 18.323569
[9] 3909.480000 7.732468 16.458446
[10] 4153.533333 7.375317 14.593322
[11] 4397.586667 6.833123 12.741010
[12] 4641.640000 6.241479 10.892121
[13] 4885.693333 5.629555 9.232287
[14] 5129.746667 4.798735 9.613080
[15] 5373.800000 3.967915 9.993872
[16] 5617.853333 3.212994 30.963939
[17] 5861.906667 2.769261 136.350606
[18] 6105.960000 2.325527 241.737273
[19] 6350.013333 1.922649 342.021583
[20] 6594.066667 2.474675 323.049341
[21] 6838.120000 3.026700 304.077100
[22] 7082.173333 3.578725 285.104859
[23] 7326.226667 4.284816 276.671122
[24] 7570.280000 5.093976 275.287718
[25] 7814.333333 5.903137 273.904314
[26] 8058.386667 6.712298 272.520910
[27] 8302.440000 7.258737 274.226863
[28] 8546.493333 7.725825 276.865909
[29] 8790.546667 8.192912 279.504954
[30] 9034.600000 8.660000 282.144000
[31] 9278.653333 9.443828 284.004277
[32] 9522.706667 10.562406 285.041503
[33] 9766.760000 11.680983 286.078730
[34] 10010.813333 12.799561 287.115957
[35] 10254.866667 13.918139 288.153183
[36] 10498.920000 15.084233 287.501081
[37] 10742.973333 16.286287 285.570509
[38] 10987.026667 17.488340 283.639938
[39] 11231.080000 18.623881 281.262027
[40] 11475.133333 19.745207 278.788514
[41] 11719.186667 20.866533 276.315000
[42] 11963.240000 21.858734 274.567058
[43] 12207.293333 22.816980 273.009908
[44] 12451.346667 23.775226 271.452757
[45] 12695.400000 24.672000 270.180000
[46] 12939.453333 25.494354 269.251536
[47] 13183.506667 26.316707 268.323072
[48] 13427.560000 27.139061 267.394609
[49] 13671.613333 28.526623 265.576678
[50] 13915.666667 30.176889 263.345333
[51] 14159.720000 31.827154 261.113989
[52] 14403.773333 33.477420 258.882644
[53] 14647.826667 34.251961 256.973857
[54] 14891.880000 33.599835 255.590559
[55] 15135.933333 32.947709 254.207260
[56] 15379.986667 32.295582 252.823962
[57] 15624.040000 31.643456 251.440664
[58] 15868.093333 30.147619 251.155650
[59] 16112.146667 26.858772 253.204654
[60] 16356.200000 23.569925 255.253658
[61] 16600.253333 20.281078 257.302662
[62] 16844.306667 16.992231 259.351666
[63] 17088.360000 13.703384 261.400670
[64] 17332.413333 10.414537 263.449673
[65] 17576.466667 7.125690 265.498677
[66] 17820.520000 6.019398 266.714052
[67] 18064.573333 6.048891 267.495612
[68] 18308.626667 6.078384 268.277173
[69] 18552.680000 6.107877 269.058734
[70] 18796.733333 6.137370 269.840294
[71] 19040.786667 6.166862 270.621855
[72] 19284.840000 6.196355 271.403415
[73] 19528.893333 6.172282 270.086364
[74] 19772.946667 6.140655 268.473398
[75] 20017.000000 6.109028 266.860432
	Read 1 wind days with 76 wind levels per day.
EXIT[get_wind].
Finished.
