Opened node_ for writing ....
PLUME_MODEL=[2]Beta Distribution with ALPHA and BETA parameteres
EXIT[get_points]:Read 656898 points.
ENTER[get_wind].
[0] 1713.000000 6.910400 59.028400
[1] 1943.786667 7.095029 55.982016
[2] 2174.573333 6.835796 51.056261
[3] 2405.360000 6.800000 43.926831
[4] 2636.146667 7.019821 36.849898
[5] 2866.933333 7.316245 29.905125
[6] 3097.720000 7.605869 24.586683
[7] 3328.506667 7.884405 21.920699
[8] 3559.293333 8.162940 19.254715
[9] 3790.080000 7.907200 17.370933
[10] 4020.866667 7.569463 15.607198
[11] 4251.653333 7.186901 13.846566
[12] 4482.440000 6.627418 12.098182
[13] 4713.226667 6.067935 10.349798
[14] 4944.013333 5.431018 9.323283
[15] 5174.800000 4.645362 9.683376
[16] 5405.586667 3.859705 10.043469
[17] 5636.373333 3.179321 38.961212
[18] 5867.160000 2.759709 138.619091
[19] 6097.946667 2.340097 238.276970
[20] 6328.733333 1.920485 337.934848
[21] 6559.520000 2.396533 325.734933
[22] 6790.306667 2.918551 307.794017
[23] 7021.093333 3.440568 289.853102
[24] 7251.880000 4.038319 277.092552
[25] 7482.666667 4.803494 275.784349
[26] 7713.453333 5.568669 274.476147
[27] 7944.240000 6.333844 273.167944
[28] 8175.026667 7.014884 272.849092
[29] 8405.813333 7.456581 275.344680
[30] 8636.600000 7.898278 277.840268
[31] 8867.386667 8.339974 280.335856
[32] 9098.173333 8.781671 282.831444
[33] 9328.960000 9.674400 284.218080
[34] 9559.746667 10.732172 285.198923
[35] 9790.533333 11.789944 286.179767
[36] 10021.320000 12.847717 287.160610
[37] 10252.106667 13.905489 288.141453
[38] 10482.893333 15.005296 287.627859
[39] 10713.680000 16.142006 285.802233
[40] 10944.466667 17.278716 283.976607
[41] 11175.253333 18.367380 281.827838
[42] 11406.040000 19.427751 279.488784
[43] 11636.826667 20.488123 277.149730
[44] 11867.613333 21.483267 275.177191
[45] 12098.400000 22.389423 273.704687
[46] 12329.186667 23.295580 272.232183
[47] 12559.973333 24.201736 270.759679
[48] 12790.760000 24.993322 269.817217
[49] 13021.546667 25.770972 268.939225
[50] 13252.333333 26.548623 268.061232
[51] 13483.120000 27.326274 267.183239
[52] 13713.906667 28.812607 265.189996
[53] 13944.693333 30.373164 263.079947
[54] 14175.480000 31.933722 260.969897
[55] 14406.266667 33.494279 258.859848
[56] 14637.053333 34.280748 257.034920
[57] 14867.840000 33.664071 255.726818
[58] 15098.626667 33.047394 254.418715
[59] 15329.413333 32.430717 253.110613
[60] 15560.200000 31.814040 251.802510
[61] 15790.986667 31.186704 250.508284
[62] 16021.773333 28.076637 252.445904
[63] 16252.560000 24.966571 254.383525
[64] 16483.346667 21.856505 256.321146
[65] 16714.133333 18.746439 258.258766
[66] 16944.920000 15.636372 260.196387
[67] 17175.706667 12.526306 262.134008
[68] 17406.493333 9.416240 264.071629
[69] 17637.280000 6.306173 266.009249
[70] 17868.066667 6.025144 266.866316
[71] 18098.853333 6.053034 267.605391
[72] 18329.640000 6.080923 268.344466
[73] 18560.426667 6.108813 269.083542
[74] 18791.213333 6.136703 269.822617
[75] 19022.000000 6.164592 270.561692
	Read 1 wind days with 76 wind levels per day.
EXIT[get_wind].
Finished.
