Opened node_ for writing ....
PLUME_MODEL=[2]Beta Distribution with ALPHA and BETA parameteres
EXIT[get_points]:Read 656898 points.
ENTER[get_wind].
[0] 1713.000000 6.910400 59.028400
[1] 1923.413333 7.078731 56.250944
[2] 2133.826667 6.883733 51.935111
[3] 2344.240000 6.800000 45.901477
[4] 2554.653333 6.915151 39.302175
[5] 2765.066667 7.185407 32.970471
[6] 2975.480000 7.455662 26.638767
[7] 3185.893333 7.712285 23.568129
[8] 3396.306667 7.966232 21.137492
[9] 3606.720000 8.175532 18.772221
[10] 3817.133333 7.867610 17.164184
[11] 4027.546667 7.559688 15.556147
[12] 4237.960000 7.220097 13.950303
[13] 4448.373333 6.710004 12.356263
[14] 4658.786667 6.199911 10.762222
[15] 4869.200000 5.685702 9.206553
[16] 5079.613333 4.969401 9.534858
[17] 5290.026667 4.253101 9.863162
[18] 5500.440000 3.536800 10.191467
[19] 5710.853333 3.043903 71.123030
[20] 5921.266667 2.661333 161.983333
[21] 6131.680000 2.278764 252.843636
[22] 6342.093333 1.904735 342.637268
[23] 6552.506667 2.380670 326.280137
[24] 6762.920000 2.856605 309.923005
[25] 6973.333333 3.332540 293.565873
[26] 7183.746667 3.812422 277.478762
[27] 7394.160000 4.510049 276.286045
[28] 7604.573333 5.207676 275.093328
[29] 7814.986667 5.905303 273.900610
[30] 8025.400000 6.602930 272.707893
[31] 8235.813333 7.131222 273.506403
[32] 8446.226667 7.533927 275.781685
[33] 8656.640000 7.936632 278.056968
[34] 8867.053333 8.339337 280.332251
[35] 9077.466667 8.742041 282.607534
[36] 9287.880000 9.486117 284.043490
[37] 9498.293333 10.450511 284.937747
[38] 9708.706667 11.414906 285.832003
[39] 9919.120000 12.379300 286.726260
[40] 10129.533333 13.343694 287.620517
[41] 10339.946667 14.308089 288.514773
[42] 10550.360000 15.337594 287.094167
[43] 10760.773333 16.373958 285.429703
[44] 10971.186667 17.410322 283.765240
[45] 11181.600000 18.396541 281.763514
[46] 11392.013333 19.363305 279.630946
[47] 11602.426667 20.330068 277.498378
[48] 11812.840000 21.268206 275.526665
[49] 12023.253333 22.094369 274.184151
[50] 12233.666667 22.920532 272.841636
[51] 12444.080000 23.746694 271.499121
[52] 12654.493333 24.534162 270.335623
[53] 12864.906667 25.243164 269.535138
[54] 13075.320000 25.952165 268.734652
[55] 13285.733333 26.661167 267.934167
[56] 13496.146667 27.370168 267.133681
[57] 13706.560000 28.762930 265.257166
[58] 13916.973333 30.185724 263.333387
[59] 14127.386667 31.608519 261.409608
[60] 14337.800000 33.031314 259.485829
[61] 14548.213333 34.454109 257.562050
[62] 14758.626667 33.955896 256.345841
[63] 14969.040000 33.393658 255.153215
[64] 15179.453333 32.831420 253.960588
[65] 15389.866667 32.269182 252.767962
[66] 15600.280000 31.706944 251.575336
[67] 15810.693333 30.921138 250.673735
[68] 16021.106667 28.085621 252.440307
[69] 16231.520000 25.250105 254.206879
[70] 16441.933333 22.414588 255.973451
[71] 16652.346667 19.579072 257.740023
[72] 16862.760000 16.743555 259.506595
[73] 17073.173333 13.908039 261.273166
[74] 17283.586667 11.072522 263.039738
[75] 17494.000000 8.237005 264.806310
	Read 1 wind days with 76 wind levels per day.
EXIT[get_wind].
Finished.
