Opened node_ for writing ....
PLUME_MODEL=[2]Beta Distribution with ALPHA and BETA parameteres
EXIT[get_points]:Read 656898 points.
ENTER[get_wind].
[0] 1713.000000 6.910400 59.028400
[1] 1949.706667 7.099765 55.903872
[2] 2186.413333 6.821867 50.800889
[3] 2423.120000 6.800000 43.353046
[4] 2659.826667 7.050236 36.137326
[5] 2896.533333 7.354263 29.014410
[6] 3133.240000 7.648738 24.176366
[7] 3369.946667 7.934418 21.441995
[8] 3606.653333 8.175629 18.772731
[9] 3843.360000 7.829229 16.963753
[10] 4080.066667 7.482829 15.154775
[11] 4316.773333 7.029034 13.353232
[12] 4553.480000 6.455200 11.560000
[13] 4790.186667 5.881366 9.766768
[14] 5026.893333 5.148874 9.452600
[15] 5263.600000 4.343064 9.821929
[16] 5500.306667 3.537254 10.191259
[17] 5737.013333 2.996339 82.419394
[18] 5973.720000 2.565964 184.633636
[19] 6210.426667 2.135588 286.847879
[20] 6447.133333 2.142325 334.471659
[21] 6683.840000 2.677733 316.070533
[22] 6920.546667 3.213141 297.669408
[23] 7157.253333 3.748549 279.268283
[24] 7393.960000 4.509386 276.287179
[25] 7630.666667 5.294189 274.945419
[26] 7867.373333 6.078992 273.603659
[27] 8104.080000 6.863795 272.261899
[28] 8340.786667 7.332128 274.641521
[29] 8577.493333 7.785155 277.201124
[30] 8814.200000 8.238182 279.760727
[31] 9050.906667 8.691209 282.320330
[32] 9287.613333 9.484894 284.042357
[33] 9524.320000 10.569800 285.048360
[34] 9761.026667 11.654706 286.054363
[35] 9997.733333 12.739611 287.060367
[36] 10234.440000 13.824517 288.066370
[37] 10471.146667 14.947439 287.720780
[38] 10707.853333 16.113307 285.848324
[39] 10944.560000 17.279176 283.975869
[40] 11181.266667 18.395009 281.766892
[41] 11417.973333 19.482580 279.367838
[42] 11654.680000 20.570151 276.968784
[43] 11891.386667 21.576610 275.025508
[44] 12128.093333 22.506011 273.515233
[45] 12364.800000 23.435411 272.004957
[46] 12601.506667 24.355620 270.537203
[47] 12838.213333 25.153219 269.636688
[48] 13074.920000 25.950817 268.736174
[49] 13311.626667 26.748416 267.835659
[50] 13548.333333 27.693016 266.703810
[51] 13785.040000 29.293604 264.539634
[52] 14021.746667 30.894192 262.375459
[53] 14258.453333 32.494780 260.211284
[54] 14495.160000 34.095368 258.047109
[55] 14731.866667 34.027401 256.497517
[56] 14968.573333 33.394905 255.155860
[57] 15205.280000 32.762410 253.814202
[58] 15441.986667 32.129914 252.472545
[59] 15678.693333 31.497419 251.130888
[60] 15915.400000 29.510118 251.552824
[61] 16152.106667 26.320274 253.540147
[62] 16388.813333 23.130430 255.527470
[63] 16625.520000 19.940586 257.514794
[64] 16862.226667 16.750742 259.502117
[65] 17098.933333 13.560898 261.489440
[66] 17335.640000 10.371055 263.476764
[67] 17572.346667 7.181211 265.464087
[68] 17809.053333 6.018012 266.677331
[69] 18045.760000 6.046618 267.435364
[70] 18282.466667 6.075223 268.193398
[71] 18519.173333 6.103828 268.951431
[72] 18755.880000 6.132433 269.709465
[73] 18992.586667 6.161038 270.467498
[74] 19229.293333 6.189643 271.225532
[75] 19466.000000 6.180432 270.502030
	Read 1 wind days with 76 wind levels per day.
EXIT[get_wind].
Finished.
